3,2
3,1
3,3
10,165
10,77
10,277
10,168
10,15
10,304
10,237
10,109
9,5
9,1
9,7
9,2
9,3
51,3
8,8
8,5
51,2
51,1
51,0
50,4
50,3
8,9
8,14
50,2
8,2
8,3
50,1
50,0
49,4
49,3
49,2
49,1
49,0
48,3
48,2
48,1
48,0
46,5
46,4
46,3
46,2
46,1
46,0
45,4
45,3
45,2
45,1
45,0
44,3
44,2
44,1
44,0
42,3
42,2
42,1
42,0
35,4
35,3
35,2
35,1
20,3
20,2
20,1
19,2
19,1
12,3
19,3
12,2
12,1
11,30
11,29
11,28
11,27
11,26
11,24
11,23
11,22
11,20
11,19
11,18
11,17
11,15
11,14
11,13
11,12
11,11
11,10
11,9
11,7
11,6
11,5
11,3
11,2
11,1
10,315
10,312
